0.000000,2761.414990,-609.828984,-6691.669654
50.000000,3036.744460,-822.731061,-6575.049741
100.000000,3304.262510,-1033.517417,-6441.513786
150.000000,3563.363981,-1241.671733,-6291.567377
200.000000,3813.475526,-1446.693937,-6125.745696
250.000000,4054.055676,-1648.100699,-5944.611151
300.000000,4284.594804,-1845.425856,-5748.751109
350.000000,4504.614998,-2038.220730,-5538.775749
400.000000,4713.669855,-2226.054393,-5315.316017
450.000000,4911.344210,-2408.513845,-5079.021704
500.000000,5097.253816,-2585.204149,-4830.559625
550.000000,5271.044979,-2755.748514,-4570.611916
600.000000,5432.394169,-2919.788324,-4299.874428
650.000000,5581.007593,-3076.983151,-4019.055234
700.000000,5716.620775,-3227.010722,-3728.873224
750.000000,5838.998109,-3369.566874,-3430.056797
800.000000,5947.932427,-3504.365485,-3123.342638
850.000000,6043.244562,-3631.138400,-2809.474579
900.000000,6124.782927,-3749.635343,-2489.202533
950.000000,6192.423109,-3859.623828,-2163.281497
1000.000000,6246.067475,-3960.889075,-1832.470621
1050.000000,6285.644812,-4053.233922,-1497.532327
1100.000000,6311.109977,-4136.478752,-1159.231486
1150.000000,6322.443585,-4210.461423,-818.334631
1200.000000,6319.651719,-4275.037216,-475.609214
1250.000000,6302.765671,-4330.078797,-131.822890
1300.000000,6271.841714,-4375.476185,212.257180
1350.000000,6226.960903,-4411.136755,555.864991
1400.000000,6168.228907,-4436.985245,898.236367
1450.000000,6095.775873,-4452.963789,1238.609609
1500.000000,6009.756316,-4459.031971,1576.226155
1550.000000,5910.349041,-4455.166897,1910.331241
1600.000000,5797.757089,-4441.363291,2240.174582
1650.000000,5672.207710,-4417.633612,2565.011060
1700.000000,5533.952362,-4384.008189,2884.101452
1750.000000,5383.266719,-4340.535378,3196.713177
1800.000000,5220.450716,-4287.281740,3502.121088
1850.000000,5045.828586,-4224.332235,3799.608300
1900.000000,4859.748928,-4151.790433,4088.467074
1950.000000,4662.584763,-4069.778739,4367.999748
2000.000000,4454.733609,-3978.438635,4637.519737
2050.000000,4236.617537,-3877.930926,4896.352589
2100.000000,4008.683228,-3768.435999,5143.837117
2150.000000,3771.402006,-3650.154078,5379.326607
2200.000000,3525.269857,-3523.305490,5602.190105
2250.000000,3270.807410,-3388.130914,5811.813783
2300.000000,3008.559886,-3244.891633,6007.602406
2350.000000,2739.096990,-3093.869756,6188.980876
2400.000000,2463.012760,-2935.368437,6355.395880
2450.000000,2180.925335,-2769.712048,6506.317627
2500.000000,1893.476655,-2597.246333,6641.241685
2550.000000,1601.332069,-2418.338505,6759.690910
2600.000000,1305.179842,-2233.377303,6861.217470
2650.000000,1005.730545,-2042.772981,6945.404963
2700.000000,703.716328,-1846.957230,7011.870615
2750.000000,399.890044,-1646.383016,7060.267559
2800.000000,95.024230,-1441.524332,7090.287184
2850.000000,-210.090088,-1232.875838,7101.661548
2900.000000,-514.644756,-1020.952400,7094.165825
2950.000000,-817.816052,-806.288492,7067.620797
3000.000000,-1118.766445,-589.437462,7021.895345
3050.000000,-1416.646568,-370.970658,6956.908935
3100.000000,-1710.597406,-151.476383,6872.634070
3150.000000,-1999.752722,68.441311,6769.098679
3200.000000,-2283.241706,288.164012,6646.388414
3250.000000,-2560.191865,507.060525,6504.648817
3300.000000,-2829.732148,724.488635,6344.087339
3350.000000,-3090.996290,939.797072,6164.975146
3400.000000,-3343.126391,1152.327678,5967.648697
3450.000000,-3585.276690,1361.417760,5752.511040
3500.000000,-3816.617533,1566.402647,5520.032791
3550.000000,-4036.339506,1766.618424,5270.752743
3600.000000,-4243.657712,1961.404848,5005.278090
3650.000000,-4437.816142,2150.108410,4724.284194
3700.000000,-4618.092125,2332.085546,4428.513891
3750.000000,-4783.800791,2506.705958,4118.776284
3800.000000,-4934.299520,2673.356023,3795.945011
3850.000000,-5068.992309,2831.442253,3460.955961
3900.000000,-5187.334012,2980.394778,3114.804426
3950.000000,-5288.834397,3119.670813,2758.541696
4000.000000,-5373.061953,3248.758057,2393.271091
4050.000000,-5439.647407,3367.177996,2020.143452
4100.000000,-5488.286876,3474.489062,1640.352119
4150.000000,-5518.744616,3570.289593,1255.127424
4200.000000,-5530.855315,3654.220579,865.730760
4250.000000,-5524.525889,3725.968119,473.448262
4300.000000,-5499.736741,3785.265581,79.584187
4350.000000,-5456.542463,3831.895422,-314.545957
4400.000000,-5395.071960,3865.690633,-707.622442
4450.000000,-5315.527988,3886.535802,-1098.328433
4500.000000,-5218.186101,3894.367772,-1485.357099
4550.000000,-5103.393036,3889.175876,-1867.418640
4600.000000,-4971.564532,3871.001775,-2243.247145
4650.000000,-4823.182644,3839.938872,-2611.607199
4700.000000,-4658.792559,3796.131339,-2971.300174
4750.000000,-4478.998987,3739.772764,-3321.170126
4800.000000,-4284.462167,3671.104452,-3660.109247
4850.000000,-4075.893540,3590.413395,-3987.062825
4900.000000,-3854.051168,3498.029961,-4301.033657
4950.000000,-3619.734939,3394.325334,-4601.085908
5000.000000,-3373.781639,3279.708738,-4886.348386
5050.000000,-3117.059937,3154.624497,-5156.017218
5100.000000,-2850.465355,3019.548959,-5409.357946
5150.000000,-2574.915272,2874.987342,-5645.707044
5200.000000,-2291.344005,2721.470520,-5864.472873
5250.000000,-2000.698037,2559.551806,-6065.136110
5300.000000,-1703.931401,2389.803748,-6247.249670
5350.000000,-1402.001277,2212.814985,-6410.438178
5400.000000,-1095.863826,2029.187180,-6554.397006
5450.000000,-786.470277,1839.532057,-6678.890942
5500.000000,-474.763284,1644.468562,-6783.752523
5550.000000,-161.673575,1444.620163,-6868.880077
5600.000000,151.883117,1240.612310,-6934.235524
5650.000000,465.008822,1033.070045,-6979.841976
5700.000000,776.825826,822.615796,-7005.781172
5750.000000,1086.478865,609.867326,-7012.190798
5800.000000,1393.137061,395.435870,-6999.261720
5850.000000,1695.995587,179.924427,-6967.235159
5900.000000,1994.277089,-36.073765,-6916.399855
5950.000000,2287.232873,-251.976609,-6847.089217
6000.000000,2574.143878,-467.214361,-6759.678519
6050.000000,2854.321450,-681.230705,-6654.582130
6100.000000,3127.107929,-893.483683,-6532.250808
6150.000000,3391.877080,-1103.446500,-6393.169078
6200.000000,3648.034367,-1310.608209,-6237.852697
6250.000000,3895.017101,-1514.474283,-6066.846208
6300.000000,4132.294472,-1714.567094,-5880.720614
6350.000000,4359.367476,-1910.426291,-5680.071144
6400.000000,4575.768766,-2101.609110,-5465.515143
6450.000000,4781.062417,-2287.690597,-5237.690069
6500.000000,4974.843642,-2468.263785,-4997.251603
6550.000000,5156.738454,-2642.939795,-4744.871867
6600.000000,5326.403292,-2811.347914,-4481.237757
6650.000000,5483.524617,-2973.135609,-4207.049374
6700.000000,5627.818490,-3127.968528,-3923.018560
6750.000000,5759.030138,-3275.530459,-3629.867525
6800.000000,5876.933514,-3415.523283,-3328.327571
6850.000000,5981.330861,-3547.666894,-3019.137897
6900.000000,6072.052282,-3671.699125,-2703.044483
6950.000000,6148.955323,-3787.375661,-2380.799050
7000.000000,6211.924568,-3894.469946,-2053.158085
7050.000000,6260.871259,-3992.773101,-1720.881926
7100.000000,6295.732940,-4082.093840,-1384.733906
7150.000000,6316.473114,-4162.258395,-1045.479535
7200.000000,6323.080944,-4233.110459,-703.885736
7250.000000,6315.570972,-4294.511128,-360.720107
7300.000000,6293.982866,-4346.338874,-16.750213
7350.000000,6258.381209,-4388.489521,327.257096
7400.000000,6208.855304,-4420.876246,670.536356
7450.000000,6145.519020,-4443.429602,1012.324144
7500.000000,6068.510663,-4456.097550,1351.859738
7550.000000,5977.992879,-4458.845525,1688.385771
7600.000000,5874.152582,-4451.656515,2021.148902
7650.000000,5757.200912,-4434.531159,2349.400494
7700.000000,5627.373214,-4407.487876,2672.397319
7750.000000,5484.929040,-4370.563006,2989.402291
7800.000000,5330.152175,-4323.810972,3299.685225
7850.000000,5163.350671,-4267.304466,3602.523642
7900.000000,4984.856906,-4201.134646,3897.203614
7950.000000,4795.027636,-4125.411356,4183.020666
8000.000000,4594.244069,-4040.263354,4459.280726
8050.000000,4382.911926,-3945.838555,4725.301146
8100.000000,4161.461503,-3842.304284,4980.411780
8150.000000,3930.347720,-3729.847533,5223.956143
8200.000000,3690.050147,-3608.675220,5455.292644
8250.000000,3441.073015,-3479.014451,5673.795899
8300.000000,3183.945186,-3341.112768,5878.858132
8350.000000,2919.220082,-3195.238393,6069.890665
8400.000000,2647.475567,-3041.680452,6246.325498
8450.000000,2369.313766,-2880.749176,6407.616985
8500.000000,2085.360817,-2712.776069,6553.243606
8550.000000,1796.266537,-2538.114047,6682.709836
8600.000000,1502.703998,-2357.137517,6795.548104
8650.000000,1205.368997,-2170.242419,6891.320849
8700.000000,904.979412,-1977.846188,6969.622665
8750.000000,602.274420,-1780.387651,7030.082530
8800.000000,298.013577,-1578.326840,7072.366105
8850.000000,-7.024254,-1372.144703,7096.178110
8900.000000,-312.042159,-1162.342716,7101.264745
8950.000000,-616.226594,-949.442376,7087.416161
9000.000000,-918.749014,-733.984556,7054.468945
9050.000000,-1218.767699,-516.528729,7002.308622
9100.000000,-1515.429799,-297.652039,6930.872122
9150.000000,-1807.873605,-77.948196,6840.150224
9200.000000,-2095.231042,141.973779,6730.189909
9250.000000,-2376.630406,361.491018,6601.096623
9300.000000,-2651.199326,579.968430,6453.036398
9350.000000,-2918.067967,796.760546,6286.237800
9400.000000,-3176.372455,1011.213542,6100.993669
9450.000000,-3425.258519,1222.667471,5897.662604
9500.000000,-3663.885333,1430.458685,5676.670156
9550.000000,-3891.429544,1633.922452,5438.509693
9600.000000,-4107.089457,1832.395754,5183.742879
9650.000000,-4310.089344,2025.220249,4912.999751
9700.000000,-4499.683848,2211.745392,4626.978341
9750.000000,-4675.162441,2391.331681,4326.443803
9800.000000,-4835.853893,2563.354013,4012.227043
9850.000000,-4981.130690,2727.205109,3685.222800
9900.000000,-5110.413375,2882.298993,3346.387170
9950.000000,-5223.174724,3028.074470,2996.734582
10000.000000,-5318.943733,3163.998573,2637.334194
10050.000000,-5397.309331,3289.569941,2269.305745
10100.000000,-5457.923779,3404.322072,1893.814872
10150.000000,-5500.505698,3507.826424,1512.067922
10200.000000,-5524.842666,3599.695306,1125.306294
10250.000000,-5530.793353,3679.584534,734.800375
10300.000000,-5518.289135,3747.195791,341.843113
10350.000000,-5487.335177,3802.278677,-52.256701
10400.000000,-5438.010938,3844.632405,-446.181359
10450.000000,-5370.470102,3874.107124,-838.611306
10500.000000,-5284.939913,3890.604845,-1228.232264
10550.000000,-5181.719940,3894.079956,-1613.742322
10600.000000,-5061.180264,3884.539332,-1993.858918
10650.000000,-4923.759126,3862.042020,-2367.325617
10700.000000,-4769.960069,3826.698528,-2732.918624
10750.000000,-4600.348609,3778.669725,-3089.452951
10800.000000,-4415.548488,3718.165360,-3435.788167
10850.000000,-4216.237562,3645.442259,-3770.833697
10900.000000,-4003.143386,3560.802188,-4093.553595
10950.000000,-3777.038551,3464.589464,-4402.970782
11000.000000,-3538.735838,3357.188309,-4698.170704
11050.000000,-3289.083255,3239.020019,-4978.304413
11100.000000,-3028.959011,3110.539975,-5242.591046
11150.000000,-2759.266491,2972.234535,-5490.319726
11200.000000,-2480.929279,2824.617856,-5720.850887
11250.000000,-2194.886285,2668.228672,-5933.617053
11300.000000,-1902.087020,2503.627084,-6128.123090
11350.000000,-1603.487048,2331.391368,-6303.945976
11400.000000,-1300.043661,2152.114856,-6460.734121
11450.000000,-992.711793,1966.402898,-6598.206276
11500.000000,-682.440195,1774.869943,-6716.150089
11550.000000,-370.167893,1578.136742,-6814.420327
11600.000000,-56.820927,1376.827702,-6892.936841
11650.000000,256.690617,1171.568392,-6951.682292
11700.000000,569.475279,962.983220,-6990.699687
11750.000000,880.662622,751.693271,-7010.089782
11800.000000,1189.405337,538.314325,-7010.008356
11850.000000,1494.881083,323.455043,-6990.663432
11900.000000,1796.294075,107.715324,-6952.312439
11950.000000,2092.876423,-108.315176,-6895.259369
12000.000000,2383.889243,-324.058364,-6819.851944
12050.000000,2668.623568,-538.948873,-6726.478817
12100.000000,2946.401051,-752.435091,-6615.566822
12150.000000,3216.574502,-963.980049,-6487.578300
12200.000000,3478.528262,-1173.062180,-6343.008497
12250.000000,3731.678434,-1379.175970,-6182.383063
12300.000000,3975.472994,-1581.832496,-6006.255644
12350.000000,4209.391779,-1780.559868,-5815.205587
12400.000000,4432.946395,-1974.903587,-5609.835747
12450.000000,4645.680030,-2164.426822,-5390.770413
12500.000000,4847.167207,-2348.710620,-5158.653341
12550.000000,5037.013480,-2527.354051,-4914.145903
12600.000000,5214.855079,-2699.974308,-4657.925343
12650.000000,5380.358530,-2866.206755,-4390.683143
12700.000000,5533.220240,-3025.704942,-4113.123487
12750.000000,5673.166072,-3178.140589,-3825.961832
12800.000000,5799.950909,-3323.203541,-3529.923568
12850.000000,5913.358213,-3460.601710,-3225.742767
12900.000000,6013.199592,-3590.061001,-2914.161014
12950.000000,6099.314371,-3711.325227,-2595.926323
13000.000000,6171.569183,-3824.156019,-2271.792114
13050.000000,6229.857568,-3928.332744,-1942.516261
13100.000000,6274.099603,-4023.652415,-1608.860196
13150.000000,6304.241548,-4109.929612,-1271.588068
13200.000000,6320.255521,-4186.996413,-931.465944
13250.000000,6322.139202,-4254.702335,-589.261053
13300.000000,6309.915561,-4312.914289,-245.741059
13350.000000,6283.632623,-4361.516550,98.326637
13400.000000,6243.363255,-4400.410744,442.175574
13450.000000,6189.204991,-4429.515858,785.040897
13500.000000,6121.279887,-4448.768259,1126.160015
13550.000000,6039.734397,-4458.121745,1464.773253
13600.000000,5944.739290,-4457.547611,1800.124517
13650.000000,5836.489585,-4447.034734,2131.461960
13700.000000,5715.204518,-4426.589687,2458.038677
13750.000000,5581.127527,-4396.236863,2779.113411
13800.000000,5434.526265,-4356.018631,3093.951295
13850.000000,5275.692628,-4305.995502,3401.824630
13900.000000,5104.942797,-4246.246320,3702.013701
13950.000000,4922.617294,-4176.868468,3993.807639
14000.000000,4729.081045,-4097.978088,4276.505337
14050.000000,4524.723450,-4009.710318,4549.416430
14100.000000,4309.958441,-3912.219535,4811.862324
14150.000000,4085.224543,-3805.679613,5063.177310
14200.000000,3850.984919,-3690.284177,5302.709744
14250.000000,3607.727387,-3566.246869,5529.823303
14300.000000,3355.964420,-3433.801601,5743.898332
14350.000000,3096.233103,-3293.202806,5944.333271
14400.000000,2829.095047,-3144.725671,6130.546176
14450.000000,2555.136254,-2988.666360,6301.976333
14500.000000,2274.966911,-2825.342200,6458.085962
14550.000000,1989.221115,-2655.091844,6598.362023
14600.000000,1698.556514,-2478.275387,6722.318116
14650.000000,1403.653842,-2295.274437,6829.496474
14700.000000,1105.216361,-2106.492128,6919.470046
14750.000000,803.969162,-1912.353066,6991.844672
14800.000000,500.658350,-1713.303195,7046.261339
14850.000000,196.050064,-1509.809576,7082.398502
14900.000000,-109.070648,-1302.360075,7099.974481
14950.000000,-413.901142,-1091.462923,7098.749898
15000.000000,-717.622667,-877.646176,7078.530156
15050.000000,-1019.402058,-661.457022,7039.167930
15100.000000,-1318.393635,-443.460954,6980.565662
15150.000000,-1613.741322,-224.240786,6902.678023
15200.000000,-1904.580989,-4.395499,6805.514327
15250.000000,-2190.043035,215.461085,6689.140862
15300.000000,-2469.255188,434.701818,6553.683108
15350.000000,-2741.345561,652.687925,6399.327802
15400.000000,-3005.445918,868.770908,6226.324822
15450.000000,-3260.695181,1082.294637,6034.988849
15500.000000,-3506.243138,1292.597646,5825.700753
15550.000000,-3741.254350,1499.015627,5598.908687
15600.000000,-3964.912236,1700.884100,5355.128823
15650.000000,-4176.423297,1897.541272,5094.945707
15700.000000,-4375.021469,2088.331057,4819.012178
15750.000000,-4559.972546,2272.606234,4528.048837
15800.000000,-4730.578646,2449.731739,4222.843007
15850.000000,-4886.182667,2619.088044,3904.247180
15900.000000,-5026.172694,2780.074608,3573.176917
15950.000000,-5149.986278,2932.113356,3230.608189
16000.000000,-5257.114567,3074.652151,2877.574154
16050.000000,-5347.106199,3207.168225,2515.161374
16100.000000,-5419.570923,3329.171520,2144.505486
16150.000000,-5474.182875,3440.207891,1766.786340
16200.000000,-5510.683470,3539.862149,1383.222658
16250.000000,-5528.883847,3627.760870,995.066227
16300.000000,-5528.666837,3703.574960,603.595709
16350.000000,-5509.988401,3767.021916,210.110110
16400.000000,-5472.878520,3817.867759,-184.078016
16450.000000,-5417.441514,3855.928608,-577.649553
16500.000000,-5343.855768,3881.071872,-969.285918
16550.000000,-5252.372881,3893.217042,-1357.676183
16600.000000,-5143.316230,3892.336067,-1741.524140
16650.000000,-5017.078978,3878.453323,-2119.555220
16700.000000,-4874.121548,3851.645168,-2490.523196
16750.000000,-4714.968599,3812.039092,-2853.216583
16800.000000,-4540.205556,3759.812491,-3206.464675
16850.000000,-4350.474731,3695.191077,-3549.143151
16900.000000,-4146.471106,3618.446954,-3880.179197
16950.000000,-3928.937825,3529.896400,-4198.556112
17000.000000,-3698.661467,3429.897380,-4503.317346
17050.000000,-3456.467150,3318.846837,-4793.569974
17100.000000,-3203.213542,3197.177807,-5068.487569
17150.000000,-2939.787831,3065.356380,-5327.312490
17200.000000,-2667.100703,2923.878566,-5569.357589
17250.000000,-2386.081406,2773.267101,-5794.007347
17300.000000,-2097.672913,2614.068222,-6000.718477
17350.000000,-1802.827254,2446.848459,-6189.020010
17400.000000,-1502.501041,2272.191468,-6358.512910
17450.000000,-1197.651220,2090.694931,-6508.869249
17500.000000,-889.231069,1902.967561,-6639.830999
17550.000000,-578.186468,1709.626219,-6751.208462
17600.000000,-265.452447,1511.293165,-6842.878412
17650.000000,48.049973,1308.593464,-6914.781968
17700.000000,361.416650,1102.152548,-6966.922253
17750.000000,673.762905,892.593945,-6999.361884
17800.000000,984.225812,680.537178,-7012.220322
17850.000000,1291.966221,466.595840,-7005.671133
17900.000000,1596.170508,251.375836,-6979.939177
17950.000000,1896.052078,35.473797,-6935.297771
18000.000000,2190.852629,-180.524350,-6872.065847
18050.000000,2479.843192,-396.044644,-6790.605124
18100.000000,2762.324968,-610.526211,-6691.317325
18150.000000,3037.629979,-823.422245,-6574.641454
18200.000000,3305.121545,-1034.200847,-6441.051140
18250.000000,3564.194612,-1242.345752,-6291.052070
18300.000000,3814.275933,-1447.356940,-6125.179520
18350.000000,4054.824146,-1648.751140,-5943.995981
18400.000000,4285.329727,-1846.062240,-5748.088900
18450.000000,4505.314868,-2038.841625,-5538.068525
18500.000000,4714.333266,-2226.658422,-5314.565869
18550.000000,4911.969859,-2409.099690,-5078.230779
18600.000000,5097.840500,-2585.770553,-4829.730124
18650.000000,5271.591595,-2756.294276,-4569.746087
18700.000000,5432.899709,-2920.312306,-4298.974561
18750.000000,5581.471149,-3077.484271,-4018.123658
18800.000000,5717.041531,-3227.487960,-3727.912299
18850.000000,5839.375343,-3370.019266,-3429.068912
18900.000000,5948.265510,-3504.792129,-3122.330209
18950.000000,6043.532954,-3631.538450,-2808.440042
19000.000000,6125.026180,-3750.008011,-2488.148342
19050.000000,6192.620859,-3859.968386,-2162.210123
19100.000000,6246.219449,-3961.204850,-1831.384545
19150.000000,6285.750819,-4053.520301,-1496.434040
19200.000000,6311.169913,-4136.735177,-1158.123485
19250.000000,6322.457429,-4210.687394,-817.219419
19300.000000,6319.619531,-4275.232291,-474.489295
19350.000000,6302.687595,-4330.242586,-130.700766
19400.000000,6271.717974,-4375.608360,213.379007
19450.000000,6226.791804,-4411.237042,556.984027
19500.000000,6168.014833,-4437.053427,899.350123
19550.000000,6095.517289,-4452.999705,1239.715606
19600.000000,6009.453765,-4459.035518,1577.321924
19650.000000,5910.003146,-4455.138030,1911.414328
19700.000000,5797.368552,-4441.302021,2241.242547
19750.000000,5671.777312,-4417.540009,2566.061482
19800.000000,5533.480962,-4383.882381,2885.131932
19850.000000,5382.755257,-4340.377553,3197.721337
19900.000000,5219.900209,-4287.092145,3503.104576
19950.000000,5045.240132,-4224.111177,3800.564792
20000.000000,4859.123702,-4151.538280,4089.394278
20050.000000,4661.924024,-4069.495922,4368.895407
20100.000000,4454.038693,-3978.125647,4638.381630
20150.000000,4235.889860,-3877.588323,4897.178537
20200.000000,4007.924287,-3768.064401,5144.624988
20250.000000,3770.613379,-3649.754172,5380.074316
20300.000000,3524.453202,-3522.878027,5602.895621
20350.000000,3269.964465,-3387.676713,5812.475134
20400.000000,3007.692469,-3244.411580,6008.217683
20450.000000,2738.207000,-3093.364805,6189.548239
20500.000000,2462.102173,-2934.839612,6355.913561
20550.000000,2179.996207,-2769.160441,6506.783939
20600.000000,1892.531118,-2596.673107,6641.655026
20650.000000,1600.372331,-2417.744893,6760.049770
20700.000000,1304.208183,-2232.764608,6861.520439
20750.000000,1004.749320,-2042.142577,6945.650738
20800.000000,702.727958,-1846.310559,7012.058004
20850.000000,398.897018,-1645.721590,7060.395492
20900.000000,94.029097,-1440.849730,7090.354721
20950.000000,-211.084718,-1232.189707,7101.667882
21000.000000,-515.636220,-1020.256453,7094.110298
21050.000000,-818.801642,-805.584502,7067.502901
21100.000000,-1119.743408,-588.727265,7021.714734
21150.000000,-1417.612117,-370.256144,6956.665431
21200.000000,-1711.548726,-150.759498,6872.327674
21250.000000,-2000.686979,69.158572,6768.729575
21300.000000,-2284.156055,288.879612,6645.956978
21350.000000,-2561.083462,507.772385,6504.155624
21400.000000,-2830.598157,725.194644,6343.533169
21450.000000,-3091.833898,940.495095,6164.360989
21500.000000,-3343.932819,1153.015559,5966.975758
21550.000000,-3586.049202,1362.093333,5751.780745
21600.000000,-3817.353454,1567.063743,5519.246785
21650.000000,-4037.036235,1767.262884,5269.912897
21700.000000,-4244.312734,1962.030527,5004.386494
21750.000000,-4438.427043,2150.713190,4723.343163
21800.000000,-4618.656607,2332.667349,4427.525955
21850.000000,-4784.316687,2507.262755,4117.744190
21900.000000,-4934.764809,2673.885842,3794.871712
21950.000000,-5069.405128,2831.943196,3459.844607
22000.000000,-5187.692671,2980.865029,3113.658357
22050.000000,-5289.137390,3120.108649,2757.364428
22100.000000,-5373.307974,3249.161861,2392.066303
22150.000000,-5439.835356,3367.546267,2018.914971
22200.000000,-5488.415872,3474.820422,1639.103899
22250.000000,-5518.814005,3570.582802,1253.863532
22300.000000,-5530.864675,3654.474538,864.455353
22350.000000,-5524.475036,3726.181880,472.165569
22400.000000,-5499.625732,3785.438354,78.298484
22450.000000,-5456.371598,3832.026580,-315.830369
22500.000000,-5394.841781,3865.779714,-708.901260
22550.000000,-5315.239276,3886.582517,-1099.597374
22600.000000,-5217.839872,3894.371999,-1486.611925
22650.000000,-5102.990534,3889.137667,-1868.655181
22700.000000,-4971.107225,3870.921351,-2244.461318
22750.000000,-4822.672208,3839.816621,-2612.795032
22800.000000,-4658.230871,3795.967812,-2972.457824
22850.000000,-4478.388114,3739.568673,-3322.293899
22900.000000,-4283.804347,3670.860659,-3661.195615
22950.000000,-4075.191173,3590.130908,-3988.108439
23000.000000,-3853.306797,3497.709927,-4302.035363
23050.000000,-3618.951236,3393.969027,-4602.040760
23100.000000,-3372.961388,3279.317551,-4887.253650
23150.000000,-3116.206018,3154.199933,-5156.870384
23200.000000,-2849.580727,3019.092622,-5410.156735
23250.000000,-2574.002957,2874.500922,-5646.449410
23300.000000,-2290.407073,2720.955788,-5865.157004
23350.000000,-1999.739590,2559.010598,-6065.760430
23400.000000,-1702.954556,2389.237961,-6247.812839
23450.000000,-1401.009158,2212.226561,-6410.939088
23500.000000,-1094.859546,2028.578100,-6554.834778
23550.000000,-785.456925,1838.904329,-6679.264921
23600.000000,-473.743917,1643.824213,-6784.062272
23650.000000,-160.651205,1443.961231,-6869.125369
23700.000000,152.905530,1239.940836,-6934.416336
23750.000000,466.028382,1032.388064,-6979.958481
23800.000000,777.839705,821.925332,-7005.833729
23850.000000,1087.484314,609.170384,-7012.179946
23900.000000,1394.131411,394.734430,-6999.188164
23950.000000,1696.976258,179.220441,-6967.099767
24000.000000,1995.241592,-36.778380,-6916.203641
24050.000000,2288.178814,-252.679974,-6846.833340
24100.000000,2575.068961,-467.914639,-6759.364268
24150.000000,2855.223480,-681.926105,-6654.210917
24200.000000,3127.984812,-894.172462,-6531.824159
24250.000000,3392.726825,-1104.126965,-6392.688628
24300.000000,3648.855087,-1311.278720,-6237.320174
24350.000000,3895.807014,-1515.133255,-6066.263434
24400.000000,4133.051897,-1715.212997,-5880.089492
24450.000000,4360.090840,-1911.057653,-5679.393652
24500.000000,4576.456594,-2102.224515,-5464.793329
24550.000000,4781.713339,-2288.288689,-5236.926043
24600.000000,4975.456389,-2468.843265,-4996.447530
24650.000000,5157.311857,-2643.499427,-4744.029965
24700.000000,5326.936279,-2811.886516,-4480.360288
24750.000000,5484.016214,-2973.652063,-4206.138642
24800.000000,5628.267819,-3128.461772,-3922.076904
24850.000000,5759.436415,-3275.999493,-3628.897316
24900.000000,5877.296048,-3415.967162,-3327.331208
24950.000000,5981.649053,-3548.084735,-3018.117802
25000.000000,6072.325624,-3672.090102,-2702.003099
